,Glucose,BloodPressure,Insulin,Outcome,diabetes,high_blood_pressure,DEATH_EVENT
0,148.0,72.0,,1.0,,,
1,85.0,66.0,,0.0,,,
2,183.0,64.0,,1.0,,,
3,89.0,66.0,94.0,0.0,,,
4,137.0,40.0,168.0,1.0,,,
5,116.0,74.0,,0.0,,,
6,78.0,50.0,88.0,1.0,,,
7,115.0,72.40518417462484,,0.0,,,
8,197.0,70.0,543.0,1.0,,,
9,125.0,96.0,,1.0,,,
10,110.0,92.0,,0.0,,,
11,168.0,74.0,,1.0,,,
12,139.0,80.0,,0.0,,,
13,189.0,60.0,846.0,1.0,,,
14,166.0,72.0,175.0,1.0,,,
15,100.0,72.40518417462484,,1.0,,,
16,118.0,84.0,230.0,1.0,,,
17,107.0,74.0,,1.0,,,
18,103.0,30.0,83.0,0.0,,,
19,115.0,70.0,96.0,1.0,,,
20,126.0,88.0,235.0,0.0,,,
21,99.0,84.0,,0.0,,,
22,196.0,90.0,,1.0,,,
23,119.0,80.0,,1.0,,,
24,143.0,94.0,146.0,1.0,,,
25,125.0,70.0,115.0,1.0,,,
26,147.0,76.0,,1.0,,,
27,97.0,66.0,140.0,0.0,,,
28,145.0,82.0,110.0,0.0,,,
29,117.0,92.0,,0.0,,,
30,109.0,75.0,,0.0,,,
31,158.0,76.0,245.0,1.0,,,
32,88.0,58.0,54.0,0.0,,,
33,92.0,92.0,,0.0,,,
34,122.0,78.0,,0.0,,,
35,103.0,60.0,192.0,0.0,,,
36,138.0,76.0,,0.0,,,
37,102.0,76.0,,1.0,,,
38,90.0,68.0,,1.0,,,
39,111.0,72.0,207.0,1.0,,,
40,180.0,64.0,70.0,0.0,,,
41,133.0,84.0,,0.0,,,
42,106.0,92.0,,0.0,,,
43,171.0,110.0,240.0,1.0,,,
44,159.0,64.0,,0.0,,,
45,180.0,66.0,,1.0,,,
46,146.0,56.0,,0.0,,,
47,71.0,70.0,,0.0,,,
48,103.0,66.0,,1.0,,,
49,105.0,72.40518417462484,,0.0,,,
50,103.0,80.0,82.0,0.0,,,
51,101.0,50.0,36.0,0.0,,,
52,88.0,66.0,23.0,0.0,,,
53,176.0,90.0,300.0,1.0,,,
54,150.0,66.0,342.0,0.0,,,
55,73.0,50.0,,0.0,,,
56,187.0,68.0,304.0,1.0,,,
57,100.0,88.0,110.0,0.0,,,
58,146.0,82.0,,0.0,,,
59,105.0,64.0,142.0,0.0,,,
60,84.0,72.40518417462484,,0.0,,,
61,133.0,72.0,,1.0,,,
62,44.0,62.0,,0.0,,,
63,141.0,58.0,128.0,0.0,,,
64,114.0,66.0,,1.0,,,
65,99.0,74.0,,0.0,,,
66,109.0,88.0,,1.0,,,
67,109.0,92.0,,0.0,,,
68,95.0,66.0,38.0,0.0,,,
69,146.0,85.0,100.0,0.0,,,
70,100.0,66.0,90.0,1.0,,,
71,139.0,64.0,140.0,0.0,,,
72,126.0,90.0,,1.0,,,
73,129.0,86.0,270.0,0.0,,,
74,79.0,75.0,,0.0,,,
75,,48.0,,0.0,,,
76,62.0,78.0,,0.0,,,
77,95.0,72.0,,0.0,,,
78,131.0,72.40518417462484,,1.0,,,
79,112.0,66.0,,0.0,,,
80,113.0,44.0,,0.0,,,
81,74.0,72.40518417462484,,0.0,,,
82,83.0,78.0,71.0,0.0,,,
83,101.0,65.0,,0.0,,,
84,137.0,108.0,,1.0,,,
85,110.0,74.0,125.0,0.0,,,
86,106.0,72.0,,0.0,,,
87,100.0,68.0,71.0,0.0,,,
88,136.0,70.0,110.0,1.0,,,
89,107.0,68.0,,0.0,,,
90,80.0,55.0,,0.0,,,
91,123.0,80.0,176.0,0.0,,,
92,81.0,78.0,48.0,0.0,,,
93,134.0,72.0,,1.0,,,
94,142.0,82.0,64.0,0.0,,,
95,144.0,72.0,228.0,0.0,,,
96,92.0,62.0,,0.0,,,
97,71.0,48.0,76.0,0.0,,,
98,93.0,50.0,64.0,0.0,,,
99,122.0,90.0,220.0,1.0,,,
100,163.0,72.0,,1.0,,,
101,151.0,60.0,,0.0,,,
102,125.0,96.0,,0.0,,,
103,81.0,72.0,40.0,0.0,,,
104,85.0,65.0,,0.0,,,
105,126.0,56.0,152.0,0.0,,,
106,96.0,122.0,,0.0,,,
107,144.0,58.0,140.0,0.0,,,
108,83.0,58.0,18.0,0.0,,,
109,95.0,85.0,36.0,1.0,,,
110,171.0,72.0,135.0,1.0,,,
111,155.0,62.0,495.0,1.0,,,
112,89.0,76.0,37.0,0.0,,,
113,76.0,62.0,,0.0,,,
114,160.0,54.0,175.0,1.0,,,
115,146.0,92.0,,1.0,,,
116,124.0,74.0,,1.0,,,
117,78.0,48.0,,0.0,,,
118,97.0,60.0,,0.0,,,
119,99.0,76.0,51.0,0.0,,,
120,162.0,76.0,100.0,1.0,,,
121,111.0,64.0,,0.0,,,
122,107.0,74.0,100.0,0.0,,,
123,132.0,80.0,,0.0,,,
124,113.0,76.0,,1.0,,,
125,88.0,30.0,99.0,1.0,,,
126,120.0,70.0,135.0,0.0,,,
127,118.0,58.0,94.0,0.0,,,
128,117.0,88.0,145.0,1.0,,,
129,105.0,84.0,,1.0,,,
130,173.0,70.0,168.0,1.0,,,
131,122.0,56.0,,1.0,,,
132,170.0,64.0,225.0,1.0,,,
133,84.0,74.0,,0.0,,,
134,96.0,68.0,49.0,0.0,,,
135,125.0,60.0,140.0,0.0,,,
136,100.0,70.0,50.0,0.0,,,
137,93.0,60.0,92.0,0.0,,,
138,129.0,80.0,,0.0,,,
139,105.0,72.0,325.0,0.0,,,
140,128.0,78.0,,0.0,,,
141,106.0,82.0,,0.0,,,
142,108.0,52.0,63.0,0.0,,,
143,108.0,66.0,,1.0,,,
144,154.0,62.0,284.0,0.0,,,
145,102.0,75.0,,0.0,,,
146,57.0,80.0,,0.0,,,
147,106.0,64.0,119.0,0.0,,,
148,147.0,78.0,,0.0,,,
149,90.0,70.0,,0.0,,,
150,136.0,74.0,204.0,0.0,,,
151,114.0,65.0,,0.0,,,
152,156.0,86.0,155.0,1.0,,,
153,153.0,82.0,485.0,0.0,,,
154,188.0,78.0,,1.0,,,
155,152.0,88.0,,1.0,,,
156,99.0,52.0,94.0,0.0,,,
157,109.0,56.0,135.0,0.0,,,
158,88.0,74.0,53.0,0.0,,,
159,163.0,72.0,114.0,1.0,,,
160,151.0,90.0,,0.0,,,
161,102.0,74.0,105.0,0.0,,,
162,114.0,80.0,285.0,0.0,,,
163,100.0,64.0,,0.0,,,
164,131.0,88.0,,1.0,,,
165,104.0,74.0,156.0,1.0,,,
166,148.0,66.0,,0.0,,,
167,120.0,68.0,,0.0,,,
168,110.0,66.0,,0.0,,,
169,111.0,90.0,78.0,0.0,,,
170,102.0,82.0,,1.0,,,
171,134.0,70.0,130.0,1.0,,,
172,87.0,72.40518417462484,,0.0,,,
173,79.0,60.0,48.0,0.0,,,
174,75.0,64.0,55.0,0.0,,,
175,179.0,72.0,130.0,1.0,,,
176,85.0,78.0,,0.0,,,
177,129.0,110.0,130.0,1.0,,,
178,143.0,78.0,,0.0,,,
179,130.0,82.0,,1.0,,,
180,87.0,80.0,,0.0,,,
181,119.0,64.0,92.0,0.0,,,
182,,74.0,23.0,0.0,,,
183,73.0,60.0,,0.0,,,
184,141.0,74.0,,0.0,,,
185,194.0,68.0,,1.0,,,
186,181.0,68.0,495.0,1.0,,,
187,128.0,98.0,58.0,1.0,,,
188,109.0,76.0,114.0,1.0,,,
189,139.0,80.0,160.0,1.0,,,
190,111.0,62.0,,0.0,,,
191,123.0,70.0,94.0,0.0,,,
192,159.0,66.0,,1.0,,,
193,135.0,72.40518417462484,,1.0,,,
194,85.0,55.0,,0.0,,,
195,158.0,84.0,210.0,1.0,,,
196,105.0,58.0,,0.0,,,
197,107.0,62.0,48.0,1.0,,,
198,109.0,64.0,99.0,1.0,,,
199,148.0,60.0,318.0,1.0,,,
200,113.0,80.0,,0.0,,,
201,138.0,82.0,,0.0,,,
202,108.0,68.0,,0.0,,,
203,99.0,70.0,44.0,0.0,,,
204,103.0,72.0,190.0,0.0,,,
205,111.0,72.0,,0.0,,,
206,196.0,76.0,280.0,1.0,,,
207,162.0,104.0,,1.0,,,
208,96.0,64.0,87.0,0.0,,,
209,184.0,84.0,,1.0,,,
210,81.0,60.0,,0.0,,,
211,147.0,85.0,,0.0,,,
212,179.0,95.0,,0.0,,,
213,140.0,65.0,130.0,1.0,,,
214,112.0,82.0,175.0,1.0,,,
215,151.0,70.0,271.0,1.0,,,
216,109.0,62.0,129.0,1.0,,,
217,125.0,68.0,120.0,0.0,,,
218,85.0,74.0,,1.0,,,
219,112.0,66.0,,1.0,,,
220,177.0,60.0,478.0,1.0,,,
221,158.0,90.0,,1.0,,,
222,119.0,72.40518417462484,,0.0,,,
223,142.0,60.0,190.0,0.0,,,
224,100.0,66.0,56.0,0.0,,,
225,87.0,78.0,32.0,0.0,,,
226,101.0,76.0,,0.0,,,
227,162.0,52.0,,1.0,,,
228,197.0,70.0,744.0,0.0,,,
229,117.0,80.0,53.0,0.0,,,
230,142.0,86.0,,1.0,,,
231,134.0,80.0,370.0,1.0,,,
232,79.0,80.0,37.0,0.0,,,
233,122.0,68.0,,0.0,,,
234,74.0,68.0,45.0,0.0,,,
235,171.0,72.0,,1.0,,,
236,181.0,84.0,192.0,1.0,,,
237,179.0,90.0,,1.0,,,
238,164.0,84.0,,1.0,,,
239,104.0,76.0,,0.0,,,
240,91.0,64.0,,0.0,,,
241,91.0,70.0,88.0,0.0,,,
242,139.0,54.0,,1.0,,,
243,119.0,50.0,176.0,1.0,,,
244,146.0,76.0,194.0,0.0,,,
245,184.0,85.0,,1.0,,,
246,122.0,68.0,,0.0,,,
247,165.0,90.0,680.0,0.0,,,
248,124.0,70.0,402.0,0.0,,,
249,111.0,86.0,,0.0,,,
250,106.0,52.0,,0.0,,,
251,129.0,84.0,,0.0,,,
252,90.0,80.0,55.0,0.0,,,
253,86.0,68.0,,0.0,,,
254,92.0,62.0,258.0,1.0,,,
255,113.0,64.0,,1.0,,,
256,111.0,56.0,,0.0,,,
257,114.0,68.0,,0.0,,,
258,193.0,50.0,375.0,0.0,,,
259,155.0,76.0,150.0,1.0,,,
260,191.0,68.0,130.0,0.0,,,
261,141.0,72.40518417462484,,1.0,,,
262,95.0,70.0,,0.0,,,
263,142.0,80.0,,0.0,,,
264,123.0,62.0,,1.0,,,
265,96.0,74.0,67.0,0.0,,,
266,138.0,72.40518417462484,,1.0,,,
267,128.0,64.0,,0.0,,,
268,102.0,52.0,,0.0,,,
269,146.0,72.40518417462484,,1.0,,,
270,101.0,86.0,,1.0,,,
271,108.0,62.0,56.0,0.0,,,
272,122.0,78.0,,0.0,,,
273,71.0,78.0,45.0,0.0,,,
274,106.0,70.0,,0.0,,,
275,100.0,70.0,57.0,0.0,,,
276,106.0,60.0,,1.0,,,
277,104.0,64.0,116.0,0.0,,,
278,114.0,74.0,,0.0,,,
279,108.0,62.0,278.0,0.0,,,
280,146.0,70.0,,1.0,,,
281,129.0,76.0,122.0,0.0,,,
282,133.0,88.0,155.0,0.0,,,
283,161.0,86.0,,1.0,,,
284,108.0,80.0,,1.0,,,
285,136.0,74.0,135.0,0.0,,,
286,155.0,84.0,545.0,0.0,,,
287,119.0,86.0,220.0,1.0,,,
288,96.0,56.0,49.0,0.0,,,
289,108.0,72.0,75.0,0.0,,,
290,78.0,88.0,40.0,0.0,,,
291,107.0,62.0,74.0,1.0,,,
292,128.0,78.0,182.0,1.0,,,
293,128.0,48.0,194.0,1.0,,,
294,161.0,50.0,,0.0,,,
295,151.0,62.0,120.0,0.0,,,
296,146.0,70.0,360.0,1.0,,,
297,126.0,84.0,215.0,0.0,,,
298,100.0,78.0,184.0,1.0,,,
299,112.0,72.0,,0.0,,,
300,167.0,72.40518417462484,,1.0,,,
301,144.0,58.0,135.0,1.0,,,
302,77.0,82.0,42.0,0.0,,,
303,115.0,98.0,,1.0,,,
304,150.0,76.0,,0.0,,,
305,120.0,76.0,105.0,0.0,,,
306,161.0,68.0,132.0,1.0,,,
307,137.0,68.0,148.0,0.0,,,
308,128.0,68.0,180.0,1.0,,,
309,124.0,68.0,205.0,1.0,,,
310,80.0,66.0,,0.0,,,
311,106.0,70.0,148.0,0.0,,,
312,155.0,74.0,96.0,1.0,,,
313,113.0,50.0,85.0,0.0,,,
314,109.0,80.0,,1.0,,,
315,112.0,68.0,94.0,0.0,,,
316,99.0,80.0,64.0,0.0,,,
317,182.0,74.0,,1.0,,,
318,115.0,66.0,140.0,0.0,,,
319,194.0,78.0,,1.0,,,
320,129.0,60.0,231.0,0.0,,,
321,112.0,74.0,,1.0,,,
322,124.0,70.0,,1.0,,,
323,152.0,90.0,29.0,1.0,,,
324,112.0,75.0,,0.0,,,
325,157.0,72.0,168.0,0.0,,,
326,122.0,64.0,156.0,1.0,,,
327,179.0,70.0,,0.0,,,
328,102.0,86.0,120.0,1.0,,,
329,105.0,70.0,68.0,0.0,,,
330,118.0,72.0,,0.0,,,
331,87.0,58.0,52.0,0.0,,,
332,180.0,72.40518417462484,,1.0,,,
333,106.0,80.0,,0.0,,,
334,95.0,60.0,58.0,0.0,,,
335,165.0,76.0,255.0,0.0,,,
336,117.0,72.40518417462484,,0.0,,,
337,115.0,76.0,,1.0,,,
338,152.0,78.0,171.0,1.0,,,
339,178.0,84.0,,1.0,,,
340,130.0,70.0,105.0,0.0,,,
341,95.0,74.0,73.0,0.0,,,
342,,68.0,,0.0,,,
343,122.0,86.0,,0.0,,,
344,95.0,72.0,,0.0,,,
345,126.0,88.0,108.0,0.0,,,
346,139.0,46.0,83.0,0.0,,,
347,116.0,72.40518417462484,,0.0,,,
348,99.0,62.0,74.0,0.0,,,
349,,80.0,,1.0,,,
350,92.0,80.0,,0.0,,,
351,137.0,84.0,,0.0,,,
352,61.0,82.0,,0.0,,,
353,90.0,62.0,43.0,0.0,,,
354,90.0,78.0,,0.0,,,
355,165.0,88.0,,1.0,,,
356,125.0,50.0,167.0,1.0,,,
357,129.0,72.40518417462484,,1.0,,,
358,88.0,74.0,54.0,0.0,,,
359,196.0,76.0,249.0,1.0,,,
360,189.0,64.0,325.0,1.0,,,
361,158.0,70.0,,0.0,,,
362,103.0,108.0,,0.0,,,
363,146.0,78.0,,1.0,,,
364,147.0,74.0,293.0,0.0,,,
365,99.0,54.0,83.0,0.0,,,
366,124.0,72.0,,1.0,,,
367,101.0,64.0,,0.0,,,
368,81.0,86.0,66.0,0.0,,,
369,133.0,102.0,140.0,1.0,,,
370,173.0,82.0,465.0,1.0,,,
371,118.0,64.0,89.0,0.0,,,
372,84.0,64.0,66.0,0.0,,,
373,105.0,58.0,94.0,0.0,,,
374,122.0,52.0,158.0,0.0,,,
375,140.0,82.0,325.0,1.0,,,
376,98.0,82.0,84.0,0.0,,,
377,87.0,60.0,75.0,0.0,,,
378,156.0,75.0,,1.0,,,
379,93.0,100.0,72.0,0.0,,,
380,107.0,72.0,82.0,0.0,,,
381,105.0,68.0,,0.0,,,
382,109.0,60.0,182.0,0.0,,,
383,90.0,62.0,59.0,0.0,,,
384,125.0,70.0,110.0,0.0,,,
385,119.0,54.0,50.0,0.0,,,
386,116.0,74.0,,1.0,,,
387,105.0,100.0,,1.0,,,
388,144.0,82.0,285.0,1.0,,,
389,100.0,68.0,81.0,0.0,,,
390,100.0,66.0,196.0,0.0,,,
391,166.0,76.0,,1.0,,,
392,131.0,64.0,415.0,0.0,,,
393,116.0,72.0,87.0,0.0,,,
394,158.0,78.0,,1.0,,,
395,127.0,58.0,275.0,0.0,,,
396,96.0,56.0,115.0,0.0,,,
397,131.0,66.0,,1.0,,,
398,82.0,70.0,,0.0,,,
399,193.0,70.0,,1.0,,,
400,95.0,64.0,,1.0,,,
401,137.0,61.0,,0.0,,,
402,136.0,84.0,88.0,1.0,,,
403,72.0,78.0,,0.0,,,
404,168.0,64.0,,1.0,,,
405,123.0,48.0,165.0,0.0,,,
406,115.0,72.0,,1.0,,,
407,101.0,62.0,,0.0,,,
408,197.0,74.0,,1.0,,,
409,172.0,68.0,579.0,1.0,,,
410,102.0,90.0,,0.0,,,
411,112.0,72.0,176.0,0.0,,,
412,143.0,84.0,310.0,0.0,,,
413,143.0,74.0,61.0,0.0,,,
414,138.0,60.0,167.0,1.0,,,
415,173.0,84.0,474.0,1.0,,,
416,97.0,68.0,,0.0,,,
417,144.0,82.0,,1.0,,,
418,83.0,68.0,,0.0,,,
419,129.0,64.0,115.0,1.0,,,
420,119.0,88.0,170.0,0.0,,,
421,94.0,68.0,76.0,0.0,,,
422,102.0,64.0,78.0,0.0,,,
423,115.0,64.0,,0.0,,,
424,151.0,78.0,210.0,1.0,,,
425,184.0,78.0,277.0,1.0,,,
426,94.0,72.40518417462484,,0.0,,,
427,181.0,64.0,180.0,1.0,,,
428,135.0,94.0,145.0,0.0,,,
429,95.0,82.0,180.0,1.0,,,
430,99.0,72.40518417462484,,0.0,,,
431,89.0,74.0,85.0,0.0,,,
432,80.0,74.0,60.0,0.0,,,
433,139.0,75.0,,0.0,,,
434,90.0,68.0,,0.0,,,
435,141.0,72.40518417462484,,1.0,,,
436,140.0,85.0,,0.0,,,
437,147.0,75.0,,0.0,,,
438,97.0,70.0,,0.0,,,
439,107.0,88.0,,0.0,,,
440,189.0,104.0,,1.0,,,
441,83.0,66.0,50.0,0.0,,,
442,117.0,64.0,120.0,0.0,,,
443,108.0,70.0,,1.0,,,
444,117.0,62.0,,1.0,,,
445,180.0,78.0,14.0,1.0,,,
446,100.0,72.0,70.0,0.0,,,
447,95.0,80.0,92.0,0.0,,,
448,104.0,64.0,64.0,1.0,,,
449,120.0,74.0,63.0,0.0,,,
450,82.0,64.0,95.0,0.0,,,
451,134.0,70.0,,1.0,,,
452,91.0,68.0,210.0,0.0,,,
453,119.0,72.40518417462484,,0.0,,,
454,100.0,54.0,105.0,0.0,,,
455,175.0,62.0,,1.0,,,
456,135.0,54.0,,0.0,,,
457,86.0,68.0,71.0,0.0,,,
458,148.0,84.0,237.0,1.0,,,
459,134.0,74.0,60.0,0.0,,,
460,120.0,72.0,56.0,0.0,,,
461,71.0,62.0,,0.0,,,
462,74.0,70.0,49.0,0.0,,,
463,88.0,78.0,,0.0,,,
464,115.0,98.0,,0.0,,,
465,124.0,56.0,105.0,0.0,,,
466,74.0,52.0,36.0,0.0,,,
467,97.0,64.0,100.0,0.0,,,
468,120.0,72.40518417462484,,1.0,,,
469,154.0,78.0,140.0,0.0,,,
470,144.0,82.0,,0.0,,,
471,137.0,70.0,,0.0,,,
472,119.0,66.0,,0.0,,,
473,136.0,90.0,,0.0,,,
474,114.0,64.0,,0.0,,,
475,137.0,84.0,,0.0,,,
476,105.0,80.0,191.0,1.0,,,
477,114.0,76.0,110.0,0.0,,,
478,126.0,74.0,75.0,0.0,,,
479,132.0,86.0,,0.0,,,
480,158.0,70.0,328.0,1.0,,,
481,123.0,88.0,,0.0,,,
482,85.0,58.0,49.0,0.0,,,
483,84.0,82.0,125.0,0.0,,,
484,145.0,72.40518417462484,,1.0,,,
485,135.0,68.0,250.0,1.0,,,
486,139.0,62.0,480.0,0.0,,,
487,173.0,78.0,265.0,0.0,,,
488,99.0,72.0,,0.0,,,
489,194.0,80.0,,0.0,,,
490,83.0,65.0,66.0,0.0,,,
491,89.0,90.0,,0.0,,,
492,99.0,68.0,,0.0,,,
493,125.0,70.0,122.0,1.0,,,
494,80.0,72.40518417462484,,0.0,,,
495,166.0,74.0,,0.0,,,
496,110.0,68.0,,0.0,,,
497,81.0,72.0,76.0,0.0,,,
498,195.0,70.0,145.0,1.0,,,
499,154.0,74.0,193.0,0.0,,,
500,117.0,90.0,71.0,0.0,,,
501,84.0,72.0,,0.0,,,
502,,68.0,,1.0,,,
503,94.0,64.0,79.0,0.0,,,
504,96.0,78.0,,0.0,,,
505,75.0,82.0,,0.0,,,
506,180.0,90.0,90.0,1.0,,,
507,130.0,60.0,170.0,0.0,,,
508,84.0,50.0,76.0,0.0,,,
509,120.0,78.0,,0.0,,,
510,84.0,72.0,,1.0,,,
511,139.0,62.0,210.0,0.0,,,
512,91.0,68.0,,0.0,,,
513,91.0,62.0,,0.0,,,
514,99.0,54.0,86.0,0.0,,,
515,163.0,70.0,105.0,1.0,,,
516,145.0,88.0,165.0,1.0,,,
517,125.0,86.0,,0.0,,,
518,76.0,60.0,,0.0,,,
519,129.0,90.0,326.0,0.0,,,
520,68.0,70.0,66.0,0.0,,,
521,124.0,80.0,130.0,0.0,,,
522,114.0,72.40518417462484,,0.0,,,
523,130.0,70.0,,1.0,,,
524,125.0,58.0,,0.0,,,
525,87.0,60.0,,0.0,,,
526,97.0,64.0,82.0,0.0,,,
527,116.0,74.0,105.0,0.0,,,
528,117.0,66.0,188.0,0.0,,,
529,111.0,65.0,,0.0,,,
530,122.0,60.0,106.0,0.0,,,
531,107.0,76.0,,0.0,,,
532,86.0,66.0,65.0,0.0,,,
533,91.0,72.40518417462484,,0.0,,,
534,77.0,56.0,56.0,0.0,,,
535,132.0,72.40518417462484,,1.0,,,
536,105.0,90.0,,0.0,,,
537,57.0,60.0,,0.0,,,
538,127.0,80.0,210.0,0.0,,,
539,129.0,92.0,155.0,1.0,,,
540,100.0,74.0,215.0,1.0,,,
541,128.0,72.0,190.0,1.0,,,
542,90.0,85.0,,1.0,,,
543,84.0,90.0,56.0,0.0,,,
544,88.0,78.0,76.0,0.0,,,
545,186.0,90.0,225.0,1.0,,,
546,187.0,76.0,207.0,1.0,,,
547,131.0,68.0,166.0,0.0,,,
548,164.0,82.0,67.0,0.0,,,
549,189.0,110.0,,0.0,,,
550,116.0,70.0,,0.0,,,
551,84.0,68.0,106.0,0.0,,,
552,114.0,88.0,,0.0,,,
553,88.0,62.0,44.0,0.0,,,
554,84.0,64.0,115.0,0.0,,,
555,124.0,70.0,215.0,0.0,,,
556,97.0,70.0,,0.0,,,
557,110.0,76.0,,0.0,,,
558,103.0,68.0,,0.0,,,
559,85.0,74.0,,0.0,,,
560,125.0,76.0,,1.0,,,
561,198.0,66.0,274.0,1.0,,,
562,87.0,68.0,77.0,0.0,,,
563,99.0,60.0,54.0,0.0,,,
564,91.0,80.0,,0.0,,,
565,95.0,54.0,88.0,0.0,,,
566,99.0,72.0,18.0,0.0,,,
567,92.0,62.0,126.0,0.0,,,
568,154.0,72.0,126.0,0.0,,,
569,121.0,66.0,165.0,1.0,,,
570,78.0,70.0,,0.0,,,
571,130.0,96.0,,0.0,,,
572,111.0,58.0,44.0,0.0,,,
573,98.0,60.0,120.0,0.0,,,
574,143.0,86.0,330.0,0.0,,,
575,119.0,44.0,63.0,0.0,,,
576,108.0,44.0,130.0,0.0,,,
577,118.0,80.0,,1.0,,,
578,133.0,68.0,,0.0,,,
579,197.0,70.0,,1.0,,,
580,151.0,90.0,,1.0,,,
581,109.0,60.0,,0.0,,,
582,121.0,78.0,,0.0,,,
583,100.0,76.0,,0.0,,,
584,124.0,76.0,600.0,1.0,,,
585,93.0,56.0,,0.0,,,
586,143.0,66.0,,1.0,,,
587,103.0,66.0,,0.0,,,
588,176.0,86.0,156.0,1.0,,,
589,73.0,72.40518417462484,,0.0,,,
590,111.0,84.0,,1.0,,,
591,112.0,78.0,140.0,0.0,,,
592,132.0,80.0,,1.0,,,
593,82.0,52.0,115.0,0.0,,,
594,123.0,72.0,230.0,0.0,,,
595,188.0,82.0,185.0,1.0,,,
596,67.0,76.0,,0.0,,,
597,89.0,24.0,25.0,0.0,,,
598,173.0,74.0,,1.0,,,
599,109.0,38.0,120.0,0.0,,,
600,108.0,88.0,,0.0,,,
601,96.0,72.40518417462484,,0.0,,,
602,124.0,74.0,,0.0,,,
603,150.0,78.0,126.0,1.0,,,
604,183.0,72.40518417462484,,1.0,,,
605,124.0,60.0,,0.0,,,
606,181.0,78.0,293.0,1.0,,,
607,92.0,62.0,41.0,0.0,,,
608,152.0,82.0,272.0,0.0,,,
609,111.0,62.0,182.0,0.0,,,
610,106.0,54.0,158.0,0.0,,,
611,174.0,58.0,194.0,1.0,,,
612,168.0,88.0,321.0,1.0,,,
613,105.0,80.0,,0.0,,,
614,138.0,74.0,144.0,1.0,,,
615,106.0,72.0,,0.0,,,
616,117.0,96.0,,0.0,,,
617,68.0,62.0,15.0,0.0,,,
618,112.0,82.0,,1.0,,,
619,119.0,72.40518417462484,,1.0,,,
620,112.0,86.0,160.0,0.0,,,
621,92.0,76.0,,0.0,,,
622,183.0,94.0,,0.0,,,
623,94.0,70.0,115.0,0.0,,,
624,108.0,64.0,,0.0,,,
625,90.0,88.0,54.0,0.0,,,
626,125.0,68.0,,0.0,,,
627,132.0,78.0,,0.0,,,
628,128.0,80.0,,0.0,,,
629,94.0,65.0,,0.0,,,
630,114.0,64.0,,1.0,,,
631,102.0,78.0,90.0,0.0,,,
632,111.0,60.0,,0.0,,,
633,128.0,82.0,183.0,0.0,,,
634,92.0,62.0,,0.0,,,
635,104.0,72.0,,1.0,,,
636,104.0,74.0,,0.0,,,
637,94.0,76.0,66.0,0.0,,,
638,97.0,76.0,91.0,1.0,,,
639,100.0,74.0,46.0,0.0,,,
640,102.0,86.0,105.0,0.0,,,
641,128.0,70.0,,0.0,,,
642,147.0,80.0,,1.0,,,
643,90.0,72.40518417462484,,0.0,,,
644,103.0,72.0,152.0,0.0,,,
645,157.0,74.0,440.0,0.0,,,
646,167.0,74.0,144.0,1.0,,,
647,179.0,50.0,159.0,1.0,,,
648,136.0,84.0,130.0,1.0,,,
649,107.0,60.0,,0.0,,,
650,91.0,54.0,100.0,0.0,,,
651,117.0,60.0,106.0,0.0,,,
652,123.0,74.0,77.0,0.0,,,
653,120.0,54.0,,0.0,,,
654,106.0,70.0,135.0,0.0,,,
655,155.0,52.0,540.0,1.0,,,
656,101.0,58.0,90.0,0.0,,,
657,120.0,80.0,200.0,0.0,,,
658,127.0,106.0,,0.0,,,
659,80.0,82.0,70.0,1.0,,,
660,162.0,84.0,,0.0,,,
661,199.0,76.0,,1.0,,,
662,167.0,106.0,231.0,1.0,,,
663,145.0,80.0,130.0,1.0,,,
664,115.0,60.0,,1.0,,,
665,112.0,80.0,132.0,0.0,,,
666,145.0,82.0,,1.0,,,
667,111.0,70.0,,1.0,,,
668,98.0,58.0,190.0,0.0,,,
669,154.0,78.0,100.0,0.0,,,
670,165.0,68.0,168.0,0.0,,,
671,99.0,58.0,,0.0,,,
672,68.0,106.0,49.0,0.0,,,
673,123.0,100.0,240.0,0.0,,,
674,91.0,82.0,,0.0,,,
675,195.0,70.0,,1.0,,,
676,156.0,86.0,,1.0,,,
677,93.0,60.0,,0.0,,,
678,121.0,52.0,,1.0,,,
679,101.0,58.0,265.0,0.0,,,
680,56.0,56.0,45.0,0.0,,,
681,162.0,76.0,,1.0,,,
682,95.0,64.0,105.0,0.0,,,
683,125.0,80.0,,1.0,,,
684,136.0,82.0,,0.0,,,
685,129.0,74.0,205.0,0.0,,,
686,130.0,64.0,,0.0,,,
687,107.0,50.0,,0.0,,,
688,140.0,74.0,180.0,0.0,,,
689,144.0,82.0,180.0,1.0,,,
690,107.0,80.0,,0.0,,,
691,158.0,114.0,,1.0,,,
692,121.0,70.0,95.0,0.0,,,
693,129.0,68.0,125.0,1.0,,,
694,90.0,60.0,,0.0,,,
695,142.0,90.0,480.0,1.0,,,
696,169.0,74.0,125.0,1.0,,,
697,99.0,72.40518417462484,,0.0,,,
698,127.0,88.0,155.0,0.0,,,
699,118.0,70.0,,0.0,,,
700,122.0,76.0,200.0,0.0,,,
701,125.0,78.0,,1.0,,,
702,168.0,88.0,,1.0,,,
703,129.0,72.40518417462484,,0.0,,,
704,110.0,76.0,100.0,0.0,,,
705,80.0,80.0,,0.0,,,
706,115.0,72.40518417462484,,1.0,,,
707,127.0,46.0,335.0,0.0,,,
708,164.0,78.0,,1.0,,,
709,93.0,64.0,160.0,1.0,,,
710,158.0,64.0,387.0,0.0,,,
711,126.0,78.0,22.0,0.0,,,
712,129.0,62.0,,1.0,,,
713,134.0,58.0,291.0,0.0,,,
714,102.0,74.0,,0.0,,,
715,187.0,50.0,392.0,1.0,,,
716,173.0,78.0,185.0,1.0,,,
717,94.0,72.0,,0.0,,,
718,108.0,60.0,178.0,0.0,,,
719,97.0,76.0,,1.0,,,
720,83.0,86.0,,0.0,,,
721,114.0,66.0,200.0,0.0,,,
722,149.0,68.0,127.0,1.0,,,
723,117.0,86.0,105.0,0.0,,,
724,111.0,94.0,,0.0,,,
725,112.0,78.0,,0.0,,,
726,116.0,78.0,180.0,0.0,,,
727,141.0,84.0,,0.0,,,
728,175.0,88.0,,0.0,,,
729,92.0,52.0,,0.0,,,
730,130.0,78.0,79.0,1.0,,,
731,120.0,86.0,,1.0,,,
732,174.0,88.0,120.0,1.0,,,
733,106.0,56.0,165.0,0.0,,,
734,105.0,75.0,,0.0,,,
735,95.0,60.0,,0.0,,,
736,126.0,86.0,120.0,0.0,,,
737,65.0,72.0,,0.0,,,
738,99.0,60.0,160.0,0.0,,,
739,102.0,74.0,,1.0,,,
740,120.0,80.0,150.0,1.0,,,
741,102.0,44.0,94.0,0.0,,,
742,109.0,58.0,116.0,0.0,,,
743,140.0,94.0,,1.0,,,
744,153.0,88.0,140.0,0.0,,,
745,100.0,84.0,105.0,0.0,,,
746,147.0,94.0,,1.0,,,
747,81.0,74.0,57.0,0.0,,,
748,187.0,70.0,200.0,1.0,,,
749,162.0,62.0,,1.0,,,
750,136.0,70.0,,1.0,,,
751,121.0,78.0,74.0,0.0,,,
752,108.0,62.0,,0.0,,,
753,181.0,88.0,510.0,1.0,,,
754,154.0,78.0,,1.0,,,
755,128.0,88.0,110.0,1.0,,,
756,137.0,90.0,,0.0,,,
757,123.0,72.0,,1.0,,,
758,106.0,76.0,,0.0,,,
759,190.0,92.0,,1.0,,,
760,88.0,58.0,16.0,0.0,,,
761,170.0,74.0,,1.0,,,
762,89.0,62.0,,0.0,,,
763,101.0,76.0,180.0,0.0,,,
764,122.0,70.0,,0.0,,,
765,121.0,72.0,112.0,0.0,,,
766,126.0,60.0,,1.0,,,
767,93.0,70.0,,0.0,,,
0,,,,,0.0,1.0,1.0
1,,,,,0.0,0.0,1.0
2,,,,,0.0,0.0,1.0
3,,,,,0.0,0.0,1.0
4,,,,,1.0,0.0,1.0
5,,,,,0.0,1.0,1.0
6,,,,,0.0,0.0,1.0
7,,,,,1.0,0.0,1.0
8,,,,,0.0,0.0,1.0
9,,,,,0.0,1.0,1.0
10,,,,,0.0,1.0,1.0
11,,,,,0.0,1.0,1.0
12,,,,,0.0,0.0,1.0
13,,,,,0.0,1.0,1.0
14,,,,,0.0,1.0,0.0
15,,,,,0.0,0.0,1.0
16,,,,,0.0,0.0,1.0
17,,,,,0.0,0.0,1.0
18,,,,,0.0,1.0,1.0
19,,,,,1.0,0.0,1.0
20,,,,,0.0,1.0,0.0
21,,,,,1.0,1.0,1.0
22,,,,,0.0,1.0,1.0
23,,,,,1.0,0.0,0.0
24,,,,,1.0,1.0,1.0
25,,,,,1.0,0.0,1.0
26,,,,,0.0,1.0,1.0
27,,,,,1.0,1.0,1.0
28,,,,,0.0,0.0,1.0
29,,,,,1.0,0.0,1.0
30,,,,,1.0,1.0,1.0
31,,,,,0.0,0.0,1.0
32,,,,,1.0,1.0,1.0
33,,,,,1.0,0.0,0.0
34,,,,,1.0,1.0,1.0
35,,,,,1.0,0.0,1.0
36,,,,,1.0,0.0,1.0
37,,,,,1.0,1.0,1.0
38,,,,,1.0,0.0,0.0
39,,,,,1.0,0.0,1.0
40,,,,,0.0,1.0,1.0
41,,,,,1.0,1.0,1.0
42,,,,,1.0,1.0,1.0
43,,,,,1.0,1.0,0.0
44,,,,,1.0,0.0,1.0
45,,,,,1.0,0.0,1.0
46,,,,,0.0,1.0,1.0
47,,,,,1.0,1.0,1.0
48,,,,,0.0,1.0,1.0
49,,,,,0.0,0.0,1.0
50,,,,,0.0,1.0,1.0
51,,,,,0.0,1.0,1.0
52,,,,,1.0,0.0,1.0
53,,,,,1.0,1.0,1.0
54,,,,,1.0,0.0,1.0
55,,,,,0.0,0.0,1.0
56,,,,,0.0,0.0,0.0
57,,,,,0.0,0.0,0.0
58,,,,,0.0,1.0,1.0
59,,,,,1.0,1.0,1.0
60,,,,,1.0,1.0,1.0
61,,,,,0.0,1.0,1.0
62,,,,,0.0,0.0,0.0
63,,,,,0.0,0.0,1.0
64,,,,,0.0,0.0,0.0
65,,,,,0.0,0.0,1.0
66,,,,,1.0,0.0,1.0
67,,,,,0.0,0.0,1.0
68,,,,,0.0,0.0,1.0
69,,,,,1.0,0.0,1.0
70,,,,,0.0,0.0,0.0
71,,,,,1.0,0.0,0.0
72,,,,,0.0,0.0,1.0
73,,,,,1.0,0.0,0.0
74,,,,,0.0,0.0,1.0
75,,,,,0.0,0.0,1.0
76,,,,,0.0,1.0,0.0
77,,,,,1.0,0.0,0.0
78,,,,,1.0,1.0,0.0
79,,,,,0.0,1.0,0.0
80,,,,,0.0,0.0,0.0
81,,,,,0.0,0.0,0.0
82,,,,,1.0,0.0,1.0
83,,,,,0.0,1.0,0.0
84,,,,,1.0,1.0,1.0
85,,,,,0.0,0.0,0.0
86,,,,,0.0,1.0,0.0
87,,,,,1.0,1.0,0.0
88,,,,,1.0,1.0,0.0
89,,,,,0.0,1.0,0.0
90,,,,,1.0,0.0,0.0
91,,,,,1.0,0.0,0.0
92,,,,,0.0,0.0,0.0
93,,,,,0.0,0.0,1.0
94,,,,,1.0,1.0,0.0
95,,,,,0.0,1.0,0.0
96,,,,,1.0,1.0,0.0
97,,,,,0.0,0.0,0.0
98,,,,,1.0,1.0,0.0
99,,,,,1.0,0.0,0.0
100,,,,,0.0,0.0,0.0
101,,,,,0.0,1.0,0.0
102,,,,,0.0,0.0,0.0
103,,,,,0.0,0.0,0.0
104,,,,,0.0,1.0,0.0
105,,,,,0.0,1.0,1.0
106,,,,,0.0,0.0,0.0
107,,,,,1.0,0.0,0.0
108,,,,,0.0,0.0,0.0
109,,,,,1.0,0.0,0.0
110,,,,,0.0,0.0,1.0
111,,,,,0.0,0.0,0.0
112,,,,,1.0,0.0,0.0
113,,,,,0.0,0.0,1.0
114,,,,,1.0,1.0,0.0
115,,,,,0.0,0.0,0.0
116,,,,,1.0,1.0,0.0
117,,,,,0.0,0.0,0.0
118,,,,,1.0,1.0,0.0
119,,,,,0.0,0.0,1.0
120,,,,,0.0,1.0,0.0
121,,,,,1.0,1.0,0.0
122,,,,,1.0,0.0,0.0
123,,,,,0.0,1.0,0.0
124,,,,,0.0,0.0,1.0
125,,,,,0.0,0.0,0.0
126,,,,,1.0,1.0,1.0
127,,,,,1.0,0.0,0.0
128,,,,,0.0,1.0,0.0
129,,,,,1.0,0.0,0.0
130,,,,,0.0,1.0,0.0
131,,,,,1.0,0.0,0.0
132,,,,,0.0,1.0,0.0
133,,,,,0.0,1.0,0.0
134,,,,,0.0,0.0,0.0
135,,,,,0.0,0.0,0.0
136,,,,,1.0,0.0,0.0
137,,,,,0.0,0.0,0.0
138,,,,,1.0,0.0,0.0
139,,,,,0.0,1.0,0.0
140,,,,,0.0,0.0,1.0
141,,,,,0.0,0.0,0.0
142,,,,,1.0,0.0,0.0
143,,,,,0.0,1.0,0.0
144,,,,,0.0,1.0,1.0
145,,,,,0.0,0.0,0.0
146,,,,,0.0,0.0,0.0
147,,,,,0.0,0.0,0.0
148,,,,,0.0,0.0,1.0
149,,,,,0.0,1.0,0.0
150,,,,,0.0,1.0,1.0
151,,,,,1.0,1.0,0.0
152,,,,,0.0,1.0,0.0
153,,,,,1.0,0.0,0.0
154,,,,,0.0,1.0,0.0
155,,,,,1.0,0.0,0.0
156,,,,,0.0,0.0,0.0
157,,,,,0.0,0.0,0.0
158,,,,,0.0,0.0,0.0
159,,,,,0.0,1.0,0.0
160,,,,,0.0,1.0,0.0
161,,,,,0.0,0.0,0.0
162,,,,,0.0,0.0,0.0
163,,,,,1.0,0.0,1.0
164,,,,,1.0,0.0,1.0
165,,,,,1.0,1.0,1.0
166,,,,,0.0,0.0,0.0
167,,,,,1.0,0.0,1.0
168,,,,,1.0,0.0,0.0
169,,,,,0.0,1.0,0.0
170,,,,,1.0,0.0,0.0
171,,,,,0.0,0.0,0.0
172,,,,,0.0,1.0,0.0
173,,,,,0.0,0.0,0.0
174,,,,,1.0,1.0,0.0
175,,,,,0.0,0.0,0.0
176,,,,,0.0,0.0,0.0
177,,,,,0.0,0.0,0.0
178,,,,,1.0,0.0,0.0
179,,,,,0.0,0.0,0.0
180,,,,,1.0,0.0,0.0
181,,,,,1.0,0.0,1.0
182,,,,,1.0,0.0,1.0
183,,,,,0.0,1.0,1.0
184,,,,,0.0,0.0,1.0
185,,,,,1.0,0.0,1.0
186,,,,,0.0,0.0,1.0
187,,,,,1.0,0.0,1.0
188,,,,,1.0,1.0,0.0
189,,,,,0.0,1.0,0.0
190,,,,,1.0,0.0,0.0
191,,,,,0.0,0.0,0.0
192,,,,,1.0,0.0,0.0
193,,,,,1.0,0.0,0.0
194,,,,,0.0,1.0,1.0
195,,,,,0.0,0.0,1.0
196,,,,,1.0,1.0,0.0
197,,,,,0.0,0.0,0.0
198,,,,,1.0,1.0,0.0
199,,,,,1.0,0.0,0.0
200,,,,,0.0,0.0,0.0
201,,,,,1.0,1.0,0.0
202,,,,,0.0,1.0,0.0
203,,,,,0.0,1.0,0.0
204,,,,,0.0,0.0,0.0
205,,,,,1.0,0.0,0.0
206,,,,,0.0,0.0,0.0
207,,,,,0.0,0.0,0.0
208,,,,,1.0,0.0,0.0
209,,,,,1.0,1.0,0.0
210,,,,,1.0,1.0,0.0
211,,,,,0.0,1.0,0.0
212,,,,,0.0,0.0,0.0
213,,,,,1.0,1.0,1.0
214,,,,,0.0,1.0,0.0
215,,,,,0.0,1.0,0.0
216,,,,,0.0,1.0,0.0
217,,,,,0.0,1.0,1.0
218,,,,,1.0,0.0,0.0
219,,,,,1.0,1.0,0.0
220,,,,,0.0,0.0,1.0
221,,,,,0.0,0.0,0.0
222,,,,,0.0,0.0,0.0
223,,,,,0.0,0.0,0.0
224,,,,,1.0,0.0,0.0
225,,,,,1.0,0.0,0.0
226,,,,,0.0,0.0,0.0
227,,,,,0.0,1.0,0.0
228,,,,,0.0,0.0,0.0
229,,,,,0.0,0.0,0.0
230,,,,,0.0,0.0,1.0
231,,,,,0.0,0.0,0.0
232,,,,,0.0,0.0,0.0
233,,,,,0.0,0.0,0.0
234,,,,,0.0,0.0,0.0
235,,,,,0.0,1.0,0.0
236,,,,,0.0,1.0,0.0
237,,,,,0.0,0.0,0.0
238,,,,,1.0,0.0,0.0
239,,,,,0.0,0.0,0.0
240,,,,,1.0,1.0,0.0
241,,,,,1.0,0.0,0.0
242,,,,,0.0,0.0,0.0
243,,,,,0.0,1.0,0.0
244,,,,,1.0,0.0,0.0
245,,,,,1.0,0.0,0.0
246,,,,,0.0,0.0,1.0
247,,,,,0.0,0.0,0.0
248,,,,,0.0,0.0,0.0
249,,,,,1.0,0.0,0.0
250,,,,,0.0,1.0,0.0
251,,,,,1.0,0.0,0.0
252,,,,,0.0,1.0,0.0
253,,,,,1.0,1.0,0.0
254,,,,,0.0,1.0,0.0
255,,,,,1.0,1.0,0.0
256,,,,,0.0,0.0,0.0
257,,,,,1.0,1.0,0.0
258,,,,,1.0,0.0,0.0
259,,,,,0.0,0.0,0.0
260,,,,,0.0,0.0,0.0
261,,,,,0.0,0.0,0.0
262,,,,,1.0,0.0,1.0
263,,,,,1.0,0.0,0.0
264,,,,,1.0,0.0,0.0
265,,,,,0.0,0.0,0.0
266,,,,,0.0,0.0,1.0
267,,,,,1.0,0.0,0.0
268,,,,,1.0,0.0,0.0
269,,,,,1.0,0.0,0.0
270,,,,,1.0,1.0,0.0
271,,,,,1.0,0.0,0.0
272,,,,,0.0,0.0,0.0
273,,,,,0.0,0.0,0.0
274,,,,,1.0,0.0,0.0
275,,,,,0.0,1.0,0.0
276,,,,,0.0,0.0,0.0
277,,,,,1.0,0.0,0.0
278,,,,,1.0,0.0,0.0
279,,,,,1.0,0.0,0.0
280,,,,,1.0,0.0,0.0
281,,,,,0.0,0.0,0.0
282,,,,,0.0,0.0,0.0
283,,,,,0.0,0.0,0.0
284,,,,,0.0,0.0,0.0
285,,,,,1.0,0.0,0.0
286,,,,,0.0,0.0,0.0
287,,,,,1.0,0.0,0.0
288,,,,,1.0,0.0,0.0
289,,,,,0.0,0.0,0.0
290,,,,,1.0,0.0,0.0
291,,,,,0.0,0.0,0.0
292,,,,,1.0,0.0,0.0
293,,,,,1.0,0.0,0.0
294,,,,,1.0,1.0,0.0
295,,,,,0.0,0.0,0.0
296,,,,,1.0,0.0,0.0
297,,,,,0.0,0.0,0.0
298,,,,,0.0,0.0,0.0
